268
267
267
268
266
267
269
268
267
269
267
267
267
267
268
267
278
289
271
280
275
266
269
267
271
266
267
267
268
267
267
267
276
269
266
268
269
269
267
266
267
268
267
267
266
267
271
267
266
269
270
267
267
268
286
286
269
266
268
267
267
268
267
267
267
277
267
267
266
267
268
270
267
267
267
268
273
270
267
269
271
266
266
267
274
270
269
277
267
267
267
275
267
271
268
267
267
271
270
269
242
241
245
241
240
241
240
241
240
241
240
240
240
240
240
241
240
241
240
240
240
240
240
240
240
240
240
241
240
240
240
240
241
240
240
240
241
241
240
241
240
241
240
241
240
241
240
240
240
241
240
241
241
240
240
241
240
241
240
241
240
241
240
240
241
241
240
241
240
241
241
240
241
241
240
241
241
240
240
240
240
240
241
241
240
240
241
241
241
241
240
240
240
241
240
240
240
241
240
241
408
376
376
377
378
378
376
377
377
376
381
378
378
384
387
392
391
376
377
376
377
400
394
392
384
386
388
382
385
377
377
400
386
376
377
376
393
376
399
381
385
377
378
387
377
407
379
376
376
382
389
390
392
398
377
399
376
397
376
376
377
376
376
391
376
381
402
402
386
391
390
377
379
376
392
395
388
389
391
377
376
377
380
377
399
375
376
388
376
376
377
376
386
378
392
376
376
377
376
376
336
335
335
335
335
336
335
335
335
336
336
336
335
336
335
336
335
335
335
336
335
336
335
336
335
336
335
336
336
336
335
336
336
336
335
336
335
336
336
335
335
336
336
335
336
335
336
335
335
336
335
336
335
336
336
336
335
336
336
336
336
336
335
335
336
336
336
335
336
336
335
335
335
335
335
336
336
335
336
335
335
336
336
336
336
335
335
336
335
336
335
335
335
336
335
335
335
335
335
336
193
194
194
193
194
197
193
193
193
193
194
194
246
194
194
193
193
193
194
194
193
194
194
194
283
194
194
194
193
194
193
193
193
193
194
193
194
194
193
194
194
194
193
195
194
193
194
194
224
194
194
194
193
218
194
193
194
194
193
193
194
194
193
194
194
194
194
194
193
194
193
192
194
194
194
194
193
194
194
194
194
193
193
193
193
241
194
194
193
193
194
194
194
194
194
194
193
208
194
193
275
274
274
275
275
274
274
274
275
275
275
275
274
274
275
274
274
275
275
277
275
275
275
275
275
274
275
274
276
275
275
274
275
274
274
274
274
274
274
274
276
275
275
274
275
275
277
274
276
275
274
274
275
275
275
274
275
274
274
274
275
274
275
274
275
274
275
275
275
274
275
274
275
274
275
274
275
275
275
274
275
274
275
275
274
274
275
275
275
275
274
275
275
274
276
274
275
285
274
274
217
217
217
218
217
217
217
217
217
222
216
216
216
217
216
216
216
217
217
217
216
241
245
243
252
244
244
217
217
231
217
216
216
217
217
217
216
217
217
216
217
216
217
217
217
217
217
217
216
217
219
217
216
216
217
216
217
217
218
217
218
217
216
217
216
217
216
216
216
216
216
217
217
216
216
216
216
218
218
217
217
216
217
216
217
215
217
217
217
216
222
216
216
217
217
217
217
217
217
217
256
256
255
254
256
255
256
255
255
256
257
256
255
255
255
256
256
256
256
256
256
257
255
255
256
255
255
256
256
255
256
256
257
256
255
255
255
256
255
256
255
257
259
256
257
255
255
255
256
255
255
256
255
255
256
256
256
255
256
256
256
255
256
256
256
256
255
256
257
256
256
257
257
255
255
255
255
255
256
256
255
256
256
256
255
256
257
256
256
257
256
256
256
256
255
256
255
256
257
256
29.5
29.9
29.3
29.6
29.6
29.5
29.8
29.2
29.8
29.5
29.5
29.5
29.6
29.6
29.8
29.5
29.8
29.7
29.7
29.5
29.9
29.7
29.7
29.5
29.8
29.4
29.8
29.7
29.8
29.1
29.9
29.6
29.9
29.6
29.7
29.3
29.7
29.3
30.1
29.4
30.1
29.8
29.8
29.9
30.3
29.4
29.5
29.8
29.8
29.8
29.5
29.6
29.5
29.5
29.7
29.5
30.0
29.4
29.2
29.4
29.6
29.5
29.5
30.0
30.1
29.5
29.9
29.6
29.7
29.8
29.8
30.1
29.9
29.7
29.6
29.7
29.8
29.4
29.7
29.8
30.1
29.7
29.7
29.6
29.6
29.3
29.9
29.7
29.7
29.7
29.9
29.9
29.3
29.4
29.8
29.4
29.9
29.6
29.9
29.6
184
183
183
184
183
184
185
183
183
185
183
184
184
185
184
184
185
183
182
184
182
183
183
184
184
185
182
184
183
185
184
185
184
185
183
183
184
184
184
183
183
182
185
184
184
184
184
183
183
184
183
185
183
183
183
184
183
184
186
182
185
184
182
183
184
183
184
184
183
183
181
183
183
183
183
184
184
183
183
185
182
184
184
184
183
185
185
183
183
184
183
184
184
185
185
183
185
183
184
183
176
211
202
177
177
177
176
176
192
176
207
176
196
210
176
176
177
176
176
185
189
176
180
177
202
176
177
176
177
177
190
176
177
195
176
189
197
212
183
200
191
192
202
193
211
177
186
177
177
176
176
185
177
176
196
177
197
176
177
177
186
176
209
177
193
193
245
207
204
177
187
177
176
192
191
206
176
177
177
197
206
196
176
184
198
211
197
186
221
194
176
198
184
177
205
212
197
186
176
177
192
193
193
192
192
192
193
192
192
192
192
192
192
192
193
192
192
192
192
193
192
192
192
192
192
192
193
192
192
192
192
192
193
192
192
192
192
193
192
192
192
192
192
192
192
192
192
192
193
193
192
192
192
192
192
192
193
192
192
192
193
192
193
192
192
192
192
192
195
192
192
192
192
192
192
192
193
192
193
192
192
192
192
193
193
192
192
193
192
192
193
192
193
192
193
192
192
192
192
192
234
234
234
234
234
234
234
234
234
234
234
235
234
235
234
235
234
234
234
234
235
234
234
234
234
234
234
235
234
234
234
234
234
234
234
235
234
234
234
234
234
235
234
234
234
234
234
235
234
234
234
235
234
234
234
234
234
234
234
234
234
234
234
235
235
234
234
234
234
234
234
234
234
234
234
234
234
234
234
234
235
235
234
234
234
235
234
234
235
234
234
235
234
234
234
234
234
235
234
234
274
271
271
271
279
271
270
278
272
274
272
271
269
274
271
274
271
271
270
270
270
272
271
270
270
271
273
271
271
271
270
271
271
274
271
271
272
271
271
271
271
270
271
271
270
270
271
271
271
270
270
271
277
271
280
270
272
270
272
271
270
271
271
270
270
271
272
272
272
271
271
271
272
270
272
270
270
271
271
271
273
271
272
273
270
272
271
271
271
270
270
271
270
271
271
271
271
272
272
271
252
252
252
252
252
252
251
252
251
252
251
251
251
252
251
251
252
251
252
252
251
252
251
252
252
251
251
252
252
252
252
251
252
252
252
252
252
252
251
252
251
252
252
252
252
251
251
252
251
252
251
252
252
252
251
252
252
252
251
252
252
252
252
251
252
251
251
252
251
252
252
252
252
251
251
252
252
252
252
250
252
252
252
251
252
252
252
251
252
252
252
252
251
252
252
251
252
252
252
252
