14.896000
4.840000
4.723000
4.777000
4.756000
4.773000
5.570000
5.865000
4.728000
4.752000
4.763000
4.741000
4.764000
4.712000
4.739000
4.745000
4.753000
4.795000
4.733000
4.792000
4.794000
11.765000
6.302000
4.749000
4.769000
4.802000
4.778000
4.774000
4.757000
4.810000
4.756000
4.735000
4.756000
4.758000
4.708000
4.746000
4.782000
8.472000
4.750000
4.742000
4.749000
4.786000
4.775000
4.734000
8.903000
4.852000
5.511000
4.708000
4.721000
4.777000
5.220000
5.503000
4.735000
4.810000
4.750000
4.780000
4.784000
4.784000
4.742000
4.792000
12.046000
4.761000
4.776000
9.978000
4.770000
4.738000
4.785000
4.765000
4.749000
4.795000
12.276000
7.323000
4.789000
4.775000
4.746000
12.220000
4.772000
4.766000
4.753000
4.784000
4.753000
10.797000
4.729000
6.145000
11.365000
4.733000
4.769000
11.414000
5.660000
4.748000
4.764000
4.763000
4.751000
4.757000
4.773000
8.280000
4.790000
4.734000
4.762000
4.760000
4.780000
4.767000
4.794000
11.673000
7.578000
4.751000
4.723000
4.757000
4.731000
4.747000
4.786000
11.259000
4.774000
4.734000
11.806000
4.896000
4.706000
4.815000
4.759000
4.751000
4.759000
4.764000
4.762000
4.747000
4.713000
4.761000
10.488000
4.735000
4.709000
5.507000
4.801000
4.760000
4.792000
4.774000
4.771000
11.325000
4.766000
4.758000
4.728000
7.823000
10.961000
4.734000
4.737000
8.623000
4.755000
11.323000
4.720000
11.881000
4.739000
11.396000
4.845000
4.771000
11.457000
4.765000
4.978000
4.740000
9.814000
5.057000
4.758000
11.387000
4.769000
4.763000
4.763000
4.738000
7.874000
11.291000
11.374000
6.162000
4.774000
4.775000
10.002000
4.755000
11.476000
4.762000
4.778000
10.760000
11.014000
4.753000
11.343000
4.756000
4.763000
9.776000
4.751000
4.834000
4.741000
4.779000
4.973000
4.814000
4.759000
10.805000
4.791000
4.733000
11.319000
4.743000
4.753000
4.787000
11.335000
5.031000
11.496000
5.055000
4.799000
4.764000
4.819000
7.211000
4.786000
4.845000
4.763000
4.795000
4.769000
4.711000
4.779000
4.732000
4.791000
8.233000
4.773000
5.076000
4.776000
10.456000
5.341000
4.717000
4.743000
10.114000
4.739000
4.776000
4.726000
4.721000
5.725000
4.733000
7.010000
5.382000
4.758000
4.759000
4.794000
4.745000
4.736000
4.726000
4.819000
4.807000
4.753000
4.805000
9.656000
5.055000
7.717000
5.971000
4.767000
7.151000
4.756000
8.853000
4.749000
4.735000
4.780000
4.750000
4.753000
4.770000
11.433000
4.969000
4.771000
4.734000
9.526000
4.821000
10.937000
5.599000
4.791000
11.425000
4.777000
7.940000
11.063000
10.304000
6.952000
4.806000
6.903000
9.905000
10.747000
4.776000
11.127000
5.108000
4.804000
7.123000
4.783000
4.753000
8.700000
4.730000
9.210000
6.741000
11.268000
4.725000
11.367000
4.732000
8.055000
4.821000
4.751000
9.757000
8.138000
4.775000
4.797000
4.802000
4.740000
4.772000
11.329000
4.710000
11.256000
4.788000
10.350000
4.783000
11.199000
8.299000
4.741000
6.087000
11.206000
5.126000
4.784000
11.381000
11.542000
7.695000
4.756000
4.771000
11.530000
8.476000
4.757000
4.765000
11.534000
9.772000
4.732000
4.721000
4.738000
4.790000
10.530000
4.772000
4.762000
4.763000
11.266000
11.239000
4.741000
4.739000
4.743000
9.254000
4.912000
4.765000
4.825000
10.837000
7.207000
4.744000
4.752000
4.728000
4.739000
9.309000
6.930000
4.779000
4.721000
4.758000
4.781000
4.765000
4.728000
4.783000
4.754000
4.744000
4.765000
11.405000
7.651000
4.756000
4.788000
11.581000
4.732000
11.423000
9.485000
4.780000
4.738000
11.318000
4.799000
4.739000
4.723000
4.729000
4.739000
11.337000
7.598000
4.852000
4.750000
4.810000
4.743000
4.726000
6.036000
4.761000
4.765000
8.474000
4.849000
4.725000
4.776000
4.812000
11.393000
8.662000
5.017000
5.551000
5.106000
11.316000
6.199000
4.754000
4.758000
10.627000
11.238000
5.246000
4.736000
11.365000
11.362000
4.775000
4.780000
6.387000
8.116000
8.332000
4.782000
11.411000
4.743000
4.745000
5.222000
4.743000
5.937000
4.756000
4.742000
8.858000
4.763000
9.145000
4.756000
4.973000
6.082000
4.758000
11.291000
4.755000
11.705000
10.078000
4.881000
11.409000
4.742000
4.740000
4.756000
4.801000
5.646000
4.792000
4.734000
5.724000
11.341000
4.777000
4.771000
4.754000
10.990000
4.728000
8.889000
8.579000
11.411000
11.393000
5.904000
4.743000
4.720000
11.160000
10.148000
4.799000
10.520000
5.688000
4.792000
4.746000
10.561000
6.879000
4.775000
5.721000
10.260000
4.712000
4.741000
4.723000
8.299000
4.785000
4.819000
8.844000
8.322000
4.747000
11.356000
4.797000
4.747000
11.343000
4.961000
4.755000
9.848000
4.740000
4.790000
4.768000
11.393000
7.859000
4.732000
11.446000
4.743000
11.505000
5.933000
4.778000
12.316000
4.826000
5.778000
4.784000
4.818000
5.416000
4.759000
4.778000
10.319000
11.691000
4.840000
8.985000
5.465000
4.754000
11.307000
4.773000
10.187000
4.764000
4.749000
8.847000
4.770000
4.766000
4.774000
4.768000
4.727000
4.755000
4.813000
4.785000
4.741000
6.350000
4.772000
4.762000
4.767000
4.755000
9.375000
4.787000
11.441000
11.117000
11.981000
4.736000
4.790000
10.810000
9.320000
4.732000
10.697000
12.203000
4.708000
4.736000
4.764000
4.766000
4.792000
5.517000
4.837000
10.404000
4.766000
5.939000
5.866000
11.792000
5.495000
4.732000
7.750000
6.146000
9.055000
4.883000
4.771000
10.170000
5.121000
4.755000
11.905000
4.776000
4.780000
9.762000
4.783000
4.785000
4.734000
11.102000
6.307000
5.086000
4.767000
4.768000
5.524000
4.781000
5.292000
4.766000
7.993000
4.735000
7.102000
12.425000
4.794000
4.879000
4.763000
11.304000
11.333000
4.757000
11.291000
5.435000
10.030000
9.097000
6.023000
5.401000
10.034000
4.797000
11.459000
4.765000
4.779000
10.206000
5.128000
4.764000
11.366000
4.761000
11.203000
4.812000
4.784000
4.753000
4.794000
4.764000
4.752000
4.758000
4.805000
10.917000
4.756000
11.394000
5.181000
4.833000
11.117000
4.737000
4.797000
9.659000
4.800000
11.502000
4.764000
6.548000
4.841000
4.755000
6.129000
4.744000
4.732000
4.795000
4.770000
4.775000
4.887000
7.098000
4.771000
4.756000
4.766000
4.804000
4.914000
6.341000
5.733000
11.565000
4.748000
11.480000
4.935000
4.753000
11.508000
4.768000
6.318000
4.892000
10.316000
4.734000
9.109000
4.751000
7.134000
4.735000
4.734000
7.329000
10.458000
4.766000
6.020000
7.576000
4.748000
11.226000
4.807000
4.731000
4.755000
7.192000
11.201000
7.467000
10.080000
8.565000
6.131000
4.863000
4.795000
11.408000
4.733000
5.840000
6.200000
4.739000
4.724000
4.727000
11.322000
4.723000
4.768000
11.334000
4.728000
4.757000
11.276000
4.734000
10.795000
4.778000
11.447000
4.763000
11.247000
4.768000
11.376000
4.770000
4.734000
8.350000
8.627000
8.704000
4.754000
4.744000
4.758000
4.707000
10.519000
4.840000
4.770000
11.391000
4.766000
4.759000
4.754000
4.745000
4.776000
8.236000
11.103000
6.101000
4.743000
11.368000
9.253000
7.683000
10.927000
4.752000
4.762000
8.546000
6.931000
4.786000
11.283000
6.736000
5.790000
4.906000
11.288000
11.290000
11.463000
4.756000
4.738000
10.529000
4.728000
4.812000
11.174000
6.380000
11.354000
4.752000
7.738000
4.744000
10.924000
4.720000
4.745000
10.910000
4.733000
11.178000
10.973000
4.841000
4.759000
11.353000
4.729000
9.046000
4.738000
5.108000
4.866000
4.771000
4.789000
11.280000
4.763000
7.444000
4.812000
4.723000
11.320000
11.338000
11.362000
4.761000
5.361000
6.670000
5.667000
5.476000
5.017000
4.739000
4.773000
4.817000
4.733000
4.741000
4.801000
4.773000
4.736000
4.727000
4.749000
4.760000
4.792000
4.711000
4.871000
4.726000
8.859000
4.773000
4.744000
4.745000
4.746000
4.750000
4.775000
4.751000
4.747000
4.764000
4.758000
4.733000
4.806000
4.756000
4.751000
4.733000
4.753000
4.728000
4.743000
4.777000
4.744000
4.777000
4.737000
4.751000
4.724000
4.730000
4.733000
4.747000
4.811000
4.807000
4.798000
4.790000
4.744000
4.739000
11.271000
4.753000
4.781000
4.849000
4.724000
4.735000
4.816000
4.759000
4.802000
7.078000
4.734000
4.755000
4.741000
7.861000
4.784000
4.746000
4.759000
4.748000
4.704000
4.748000
4.738000
4.758000
4.713000
4.728000
4.727000
4.736000
4.793000
4.750000
4.754000
4.785000
11.018000
4.787000
4.815000
4.742000
4.770000
4.808000
4.778000
4.723000
4.767000
4.753000
4.776000
4.765000
4.766000
4.811000
4.835000
4.731000
8.920000
4.746000
4.739000
11.354000
4.766000
4.735000
9.035000
6.237000
4.799000
4.803000
4.729000
4.748000
4.732000
4.744000
4.760000
4.792000
5.286000
4.755000
4.744000
4.776000
11.387000
4.797000
11.318000
4.791000
4.780000
4.722000
4.772000
4.745000
4.749000
4.739000
11.323000
4.752000
4.804000
4.798000
10.421000
4.717000
4.763000
4.775000
4.766000
10.935000
4.762000
11.035000
4.740000
4.725000
5.504000
4.737000
4.746000
7.966000
4.750000
11.335000
5.082000
8.231000
4.751000
4.763000
4.762000
6.415000
4.788000
4.781000
4.746000
4.779000
6.915000
4.751000
4.797000
4.758000
4.748000
4.753000
4.773000
4.752000
4.792000
4.731000
4.797000
11.327000
4.756000
4.713000
4.740000
4.781000
4.807000
4.754000
4.777000
4.758000
4.716000
7.601000
7.484000
11.443000
4.789000
4.741000
4.758000
4.758000
4.753000
4.734000
4.791000
4.753000
4.809000
4.767000
4.743000
4.757000
4.797000
7.688000
4.717000
4.726000
4.740000
4.757000
4.758000
4.799000
4.725000
7.966000
10.661000
4.780000
4.771000
4.755000
4.724000
5.686000
4.699000
4.772000
10.035000
4.740000
4.735000
4.768000
4.728000
4.724000
4.788000
5.826000
4.799000
10.469000
4.769000
4.713000
4.765000
10.174000
5.654000
11.360000
