4.815000
4.782000
4.777000
7.011000
4.774000
4.752000
5.937000
5.493000
13.143000
4.754000
4.785000
6.958000
4.747000
4.805000
4.758000
4.755000
4.790000
8.347000
6.981000
9.540000
4.774000
4.841000
6.271000
4.817000
4.983000
4.849000
4.750000
4.760000
6.150000
10.014000
4.757000
4.840000
4.832000
4.767000
4.832000
4.777000
11.510000
4.785000
12.066000
5.298000
10.120000
4.719000
4.726000
4.749000
5.466000
12.413000
11.113000
4.800000
5.745000
4.792000
10.684000
8.264000
4.761000
4.734000
12.295000
4.729000
12.269000
4.718000
4.762000
4.751000
4.734000
4.797000
4.743000
4.782000
4.848000
4.755000
4.747000
12.223000
4.775000
4.742000
4.837000
4.779000
5.549000
4.746000
4.736000
4.753000
4.786000
4.772000
4.729000
4.732000
4.762000
5.081000
4.729000
4.784000
4.811000
10.307000
4.780000
4.797000
4.776000
4.741000
9.814000
4.907000
4.792000
4.805000
9.009000
4.798000
4.796000
4.829000
4.744000
4.716000
5.476000
4.779000
4.752000
9.629000
4.817000
6.055000
4.782000
4.724000
4.757000
4.783000
8.194000
5.948000
4.905000
4.766000
5.474000
4.781000
4.734000
9.963000
10.071000
4.787000
4.773000
4.775000
4.726000
4.823000
4.738000
4.750000
4.757000
4.748000
4.760000
4.898000
7.017000
8.906000
6.032000
4.742000
4.790000
7.049000
11.023000
6.193000
4.772000
4.765000
4.780000
4.773000
10.788000
6.348000
4.791000
6.753000
12.595000
4.772000
5.687000
11.445000
4.818000
4.720000
4.728000
4.766000
7.690000
8.186000
10.962000
4.769000
4.770000
4.749000
4.795000
4.810000
4.784000
4.747000
4.743000
11.526000
7.002000
4.712000
5.953000
4.744000
5.175000
4.742000
4.742000
4.718000
4.788000
4.788000
4.760000
7.343000
8.095000
4.775000
4.778000
5.802000
11.488000
4.770000
4.732000
4.782000
4.733000
4.746000
4.763000
4.759000
4.738000
4.755000
4.763000
4.754000
5.565000
4.748000
4.764000
4.779000
5.384000
4.747000
4.920000
4.834000
5.099000
4.793000
4.722000
4.806000
4.744000
4.754000
4.790000
4.794000
4.768000
4.758000
4.778000
4.763000
5.011000
10.569000
4.786000
4.786000
4.815000
4.791000
4.840000
4.753000
12.353000
4.770000
5.296000
11.697000
4.713000
4.742000
4.806000
4.756000
4.825000
11.265000
11.878000
4.733000
4.765000
4.791000
4.729000
4.934000
4.745000
4.760000
4.742000
8.239000
4.743000
11.562000
4.836000
4.740000
6.695000
4.801000
4.715000
11.813000
4.753000
4.729000
4.809000
4.743000
10.532000
4.811000
4.758000
4.814000
4.788000
4.726000
4.746000
4.776000
4.707000
4.730000
4.807000
4.716000
4.779000
4.742000
4.810000
4.768000
5.639000
4.728000
4.740000
4.775000
4.753000
4.754000
4.715000
8.100000
4.732000
4.824000
4.738000
4.760000
4.757000
4.760000
4.838000
4.733000
4.742000
4.747000
4.776000
4.787000
4.755000
4.778000
4.764000
4.760000
4.740000
10.636000
4.746000
4.806000
4.791000
5.511000
4.731000
4.716000
4.746000
4.723000
4.750000
4.783000
9.113000
4.797000
4.766000
4.723000
4.781000
4.733000
4.740000
4.737000
4.793000
4.777000
7.441000
4.761000
4.828000
4.745000
7.147000
7.064000
4.780000
4.977000
4.755000
4.788000
6.105000
7.035000
7.185000
4.747000
4.750000
4.704000
12.506000
4.763000
6.256000
4.737000
4.781000
7.798000
4.734000
4.755000
4.760000
4.816000
4.758000
4.724000
4.752000
4.789000
4.745000
4.734000
7.498000
4.755000
4.741000
4.772000
10.196000
4.766000
4.752000
5.225000
7.993000
4.749000
4.801000
4.797000
4.930000
8.647000
4.745000
4.820000
4.782000
4.744000
10.749000
4.753000
11.530000
4.744000
4.725000
4.719000
4.739000
11.236000
4.803000
8.811000
4.749000
4.767000
4.801000
6.474000
4.762000
4.850000
4.728000
4.793000
6.794000
6.034000
4.791000
4.774000
4.769000
4.767000
4.759000
4.783000
4.772000
4.762000
10.772000
5.361000
5.657000
4.800000
4.738000
4.806000
4.743000
4.728000
4.772000
7.986000
4.764000
12.123000
4.761000
4.756000
11.901000
4.711000
4.817000
4.767000
4.742000
4.756000
4.774000
4.765000
4.790000
9.958000
4.735000
9.887000
4.759000
5.084000
4.739000
6.109000
7.329000
6.245000
10.227000
4.779000
6.717000
5.168000
4.788000
4.781000
4.755000
4.728000
4.811000
4.743000
4.738000
4.726000
4.849000
5.859000
6.721000
4.761000
6.286000
4.782000
4.810000
4.767000
4.954000
12.237000
4.832000
4.768000
4.772000
4.775000
4.709000
4.747000
11.435000
4.727000
4.750000
4.746000
4.766000
4.735000
11.515000
5.122000
6.402000
5.250000
11.910000
6.920000
11.331000
4.781000
4.772000
4.765000
4.773000
4.750000
10.596000
10.789000
4.738000
9.324000
5.126000
4.724000
4.757000
4.868000
7.477000
8.415000
11.790000
12.245000
4.735000
4.788000
4.764000
11.936000
11.326000
5.157000
6.963000
4.774000
4.794000
4.822000
6.827000
4.813000
4.777000
4.750000
4.729000
4.743000
4.771000
4.773000
4.837000
4.815000
5.265000
5.992000
4.769000
10.522000
4.786000
4.741000
4.801000
4.783000
12.045000
5.502000
4.778000
4.755000
4.734000
7.511000
4.739000
4.734000
6.102000
7.646000
11.324000
4.723000
4.783000
6.618000
4.801000
7.154000
5.383000
5.320000
4.784000
4.768000
5.066000
11.512000
9.086000
4.726000
9.124000
4.740000
4.753000
4.784000
4.777000
4.800000
4.828000
12.037000
4.779000
4.931000
4.759000
4.780000
4.736000
4.746000
4.755000
4.795000
11.115000
4.756000
5.499000
9.060000
5.483000
4.753000
5.370000
4.733000
6.243000
8.285000
4.716000
8.822000
12.612000
4.732000
4.768000
4.767000
5.637000
10.044000
4.762000
4.767000
4.750000
4.731000
4.722000
4.825000
5.290000
4.766000
4.751000
4.759000
9.455000
4.735000
4.929000
4.732000
5.073000
4.803000
4.730000
4.763000
4.779000
4.780000
4.717000
4.780000
4.786000
4.847000
4.837000
4.753000
6.352000
4.724000
4.796000
4.747000
4.752000
5.123000
4.759000
4.774000
10.183000
4.765000
4.743000
4.794000
4.723000
10.351000
4.781000
4.738000
4.786000
9.191000
4.741000
4.750000
4.757000
4.752000
4.964000
4.817000
4.777000
4.787000
4.756000
4.820000
4.781000
4.750000
12.450000
4.736000
4.775000
4.734000
4.764000
4.776000
4.717000
4.807000
4.804000
4.747000
4.754000
4.774000
4.732000
4.743000
4.814000
4.752000
4.773000
4.802000
4.745000
4.775000
4.758000
5.356000
11.292000
4.761000
4.773000
4.745000
7.023000
6.264000
4.746000
4.768000
4.827000
9.602000
4.747000
4.728000
4.739000
4.769000
4.773000
4.756000
4.777000
4.716000
4.799000
4.773000
4.763000
4.760000
4.776000
4.782000
4.741000
4.773000
4.760000
4.778000
11.424000
4.742000
4.741000
11.537000
11.669000
4.777000
4.760000
4.731000
9.237000
4.845000
4.774000
4.738000
4.815000
4.766000
5.083000
4.744000
4.780000
5.905000
5.726000
10.242000
4.787000
4.770000
4.759000
4.801000
4.782000
4.810000
4.731000
4.768000
4.769000
4.815000
4.714000
4.759000
4.792000
4.748000
4.776000
4.734000
4.752000
4.740000
8.460000
4.745000
4.761000
4.738000
4.718000
4.766000
4.783000
4.762000
4.784000
4.767000
4.775000
4.757000
4.773000
4.777000
11.563000
4.805000
4.749000
4.758000
4.760000
4.759000
4.748000
4.734000
4.723000
4.761000
4.727000
11.125000
4.770000
4.756000
4.806000
4.748000
4.713000
4.769000
5.227000
4.837000
4.744000
4.736000
4.744000
4.737000
11.389000
8.575000
6.028000
4.717000
4.775000
4.788000
4.707000
4.809000
4.742000
4.794000
4.785000
11.508000
4.750000
4.777000
4.788000
4.769000
4.808000
4.744000
4.800000
6.329000
11.388000
4.737000
4.761000
4.756000
4.801000
4.726000
4.770000
4.945000
4.753000
4.777000
4.812000
7.385000
4.779000
4.767000
5.466000
4.787000
5.247000
4.787000
4.941000
12.363000
4.727000
4.755000
9.485000
4.699000
4.722000
4.730000
4.749000
5.993000
11.800000
4.762000
4.761000
4.768000
10.538000
5.948000
4.777000
4.787000
11.273000
4.794000
4.778000
4.749000
5.846000
4.766000
4.750000
4.804000
4.749000
4.763000
4.762000
4.804000
7.739000
4.734000
4.823000
4.781000
5.980000
5.809000
6.758000
7.058000
4.773000
4.838000
4.782000
4.738000
4.732000
4.802000
4.753000
5.110000
11.440000
4.752000
6.326000
4.786000
4.760000
4.728000
10.284000
10.383000
4.791000
11.460000
4.730000
4.774000
4.764000
4.740000
4.773000
4.749000
4.715000
4.741000
4.810000
4.769000
4.742000
4.787000
4.805000
4.811000
4.725000
4.736000
6.839000
4.766000
4.739000
6.753000
4.737000
4.760000
4.764000
7.239000
11.406000
4.810000
4.756000
4.798000
7.728000
4.740000
9.760000
7.810000
6.717000
4.754000
11.390000
4.901000
4.786000
4.790000
11.218000
4.754000
4.752000
12.119000
4.780000
4.740000
5.826000
4.875000
4.791000
4.761000
4.789000
5.675000
7.810000
4.810000
4.818000
4.747000
4.794000
4.804000
4.758000
4.732000
4.791000
4.776000
4.726000
8.947000
6.157000
4.755000
11.073000
6.581000
4.738000
4.768000
4.775000
4.797000
4.768000
4.732000
4.869000
4.718000
10.003000
7.066000
4.753000
4.750000
11.914000
4.883000
10.371000
4.745000
7.633000
4.736000
11.313000
6.544000
4.773000
4.798000
10.924000
4.736000
4.762000
4.745000
4.765000
4.756000
4.778000
4.786000
4.797000
10.323000
4.853000
5.069000
4.735000
8.004000
4.757000
4.772000
12.025000
4.781000
4.760000
11.106000
4.843000
4.781000
8.641000
4.780000
4.735000
4.754000
4.722000
10.484000
8.126000
12.250000
4.767000
4.762000
4.773000
4.718000
4.768000
4.710000
4.802000
4.759000
4.736000
4.739000
11.540000
4.738000
4.780000
11.246000
4.750000
11.235000
9.606000
4.771000
4.820000
5.066000
4.757000
4.801000
4.789000
4.751000
6.745000
7.274000
4.812000
11.185000
6.996000
12.299000
4.712000
4.740000
4.769000
4.851000
6.623000
4.746000
