0.28800000000000003
0.28400000000000003
0.312
0.339
0.275
0.281
0.842
0.289
0.8400000000000001
0.28200000000000003
0.285
0.281
0.281
0.29
0.27099999999999996
0.277
0.41800000000000004
0.28800000000000003
0.29
0.29500000000000004
0.29300000000000004
0.29
0.772
0.281
0.766
0.764
0.426
0.575
0.495
0.786
0.28200000000000003
0.28200000000000003
0.28200000000000003
0.33799999999999997
0.27099999999999996
0.29
0.782
0.298
0.763
0.7060000000000001
0.289
0.272
0.28800000000000003
0.281
0.776
0.766
0.281
0.5630000000000001
0.7290000000000001
0.273
0.766
0.292
0.272
0.28400000000000003
0.708
0.28200000000000003
0.324
0.283
0.273
0.285
0.27799999999999997
0.28800000000000003
0.272
0.283
0.273
0.27
0.273
0.384
0.5640000000000001
0.294
0.383
0.648
0.29500000000000004
0.28800000000000003
0.28200000000000003
0.287
0.27999999999999997
0.275
0.273
0.29100000000000004
0.28200000000000003
0.281
0.272
0.27999999999999997
0.29
0.294
0.27399999999999997
0.28200000000000003
0.566
0.29300000000000004
0.648
0.296
0.28200000000000003
0.28200000000000003
0.281
0.28200000000000003
0.28200000000000003
0.27099999999999996
0.273
0.273
0.289
0.27099999999999996
0.27099999999999996
0.292
0.499
0.28200000000000003
0.27099999999999996
0.324
0.531
0.28200000000000003
0.705
0.709
0.273
0.27999999999999997
0.652
0.29
0.28400000000000003
0.703
0.273
0.27
0.281
0.281
0.272
0.283
0.272
0.27999999999999997
0.273
0.27999999999999997
0.29300000000000004
0.6449999999999999
0.652
0.709
0.281
0.565
0.28800000000000003
0.7010000000000001
0.705
0.647
0.275
0.272
0.289
0.273
0.719
0.767
0.727
0.28200000000000003
0.301
0.742
0.421
0.703
0.29
0.292
0.285
0.28200000000000003
0.65
0.28800000000000003
0.7020000000000001
0.7200000000000001
0.40099999999999997
0.28200000000000003
0.303
0.7
0.273
0.292
0.273
0.7060000000000001
0.273
0.7010000000000001
0.287
0.27999999999999997
0.289
0.555
0.496
0.29100000000000004
0.27399999999999997
0.285
0.29100000000000004
0.279
0.703
0.44499999999999995
0.283
0.281
0.703
0.28200000000000003
0.283
0.29300000000000004
0.283
0.339
0.273
0.272
0.273
0.422
0.27999999999999997
0.28200000000000003
0.713
0.40099999999999997
0.29
0.29
0.721
0.7060000000000001
0.29100000000000004
0.33599999999999997
0.27399999999999997
0.272
0.272
0.27999999999999997
0.281
0.29100000000000004
0.281
0.29100000000000004
0.28200000000000003
0.35300000000000004
0.578
0.708
0.28600000000000003
0.602
0.28200000000000003
0.28800000000000003
0.281
0.35
0.29100000000000004
0.283
0.704
0.7
0.279
0.324
0.273
0.272
0.287
0.27399999999999997
0.281
0.304
0.337
0.27999999999999997
0.281
0.29100000000000004
0.272
0.28200000000000003
0.28400000000000003
0.694
0.292
0.27099999999999996
0.29
0.34299999999999997
0.312
0.273
0.285
0.27
0.287
0.683
0.283
0.281
0.285
0.27399999999999997
0.367
0.272
0.272
0.272
0.27399999999999997
0.27099999999999996
0.27099999999999996
0.28200000000000003
0.27099999999999996
0.28200000000000003
0.28400000000000003
0.272
0.28400000000000003
0.28200000000000003
0.281
0.272
0.272
0.283
0.285
0.281
0.287
0.283
0.27
0.7020000000000001
0.27099999999999996
0.28200000000000003
0.4
0.273
0.28200000000000003
0.272
0.272
0.287
0.27099999999999996
0.272
0.296
0.281
0.273
0.27399999999999997
0.28800000000000003
0.27999999999999997
0.273
0.29100000000000004
0.28800000000000003
0.301
0.289
0.28200000000000003
0.29100000000000004
0.283
0.27099999999999996
0.281
0.281
0.29100000000000004
0.28200000000000003
0.28200000000000003
0.273
0.28800000000000003
0.272
0.28200000000000003
0.27099999999999996
0.29300000000000004
0.29300000000000004
0.294
0.294
0.443
0.281
0.28600000000000003
0.708
0.281
0.45
0.292
0.272
0.648
0.778
0.292
0.29100000000000004
0.272
0.29
0.29300000000000004
0.718
0.281
0.708
0.28200000000000003
0.531
0.705
0.28200000000000003
0.272
0.27999999999999997
0.272
0.273
0.275
0.28200000000000003
0.27099999999999996
0.281
0.281
0.28400000000000003
0.283
0.273
0.289
0.30200000000000005
0.27999999999999997
0.272
0.47
0.528
0.287
0.565
0.28200000000000003
0.292
0.294
0.28200000000000003
0.29500000000000004
0.28800000000000003
0.273
0.34
0.281
0.704
0.281
0.272
0.28200000000000003
0.292
0.6040000000000001
0.29500000000000004
0.769
0.272
0.27099999999999996
0.49799999999999994
0.272
0.423
0.6669999999999999
0.285
0.35
0.833
0.716
0.272
0.272
0.28200000000000003
0.272
0.27999999999999997
0.27099999999999996
0.28200000000000003
0.281
0.566
0.675
0.705
0.27999999999999997
0.29
0.27999999999999997
0.281
0.272
0.296
0.624
0.281
0.311
0.283
0.283
0.5
0.27099999999999996
0.285
0.29300000000000004
0.294
0.292
0.292
0.281
0.27099999999999996
0.311
0.443
0.331
0.646
0.281
0.35
0.744
0.7060000000000001
0.7060000000000001
0.704
0.7010000000000001
0.699
0.648
0.272
0.303
0.287
0.273
0.292
0.272
0.281
0.272
0.33799999999999997
0.294
0.281
0.29500000000000004
0.6679999999999999
0.283
0.35100000000000003
0.528
0.277
0.653
0.444
0.7010000000000001
0.714
0.296
0.272
0.273
0.532
0.27399999999999997
0.272
0.272
0.281
0.29500000000000004
0.5289999999999999
0.6679999999999999
0.28200000000000003
0.704
0.703
0.272
0.33799999999999997
0.384
0.272
0.283
0.367
0.699
0.27999999999999997
0.705
0.27999999999999997
0.768
0.705
0.49700000000000005
0.709
0.703
0.704
0.705
0.707
0.6769999999999999
0.29500000000000004
0.7110000000000001
0.283
0.298
0.281
0.646
0.289
0.27399999999999997
0.404
0.345
0.281
0.273
0.27999999999999997
0.27999999999999997
0.27399999999999997
0.27599999999999997
0.28800000000000003
0.606
0.28200000000000003
0.283
0.771
0.29
0.281
0.764
0.273
0.7060000000000001
0.496
0.866
0.6539999999999999
0.755
0.526
0.281
0.28200000000000003
0.283
0.28200000000000003
0.323
0.272
0.272
0.42700000000000005
0.27399999999999997
0.28200000000000003
0.705
0.648
0.634
0.65
0.6920000000000001
0.713
0.7020000000000001
0.66
0.728
0.273
0.289
0.725
0.29100000000000004
0.705
0.28200000000000003
0.283
0.28200000000000003
0.273
0.3
0.27599999999999997
0.49200000000000005
0.28200000000000003
0.27399999999999997
0.27
0.273
0.29100000000000004
0.65
0.28200000000000003
0.281
0.7020000000000001
0.652
0.27999999999999997
0.48000000000000004
0.27
0.272
0.283
0.27999999999999997
0.292
0.28200000000000003
0.708
0.281
0.3
0.368
0.766
0.49799999999999994
0.272
0.27399999999999997
0.272
0.27999999999999997
0.27999999999999997
0.46099999999999997
0.704
0.27099999999999996
0.273
0.27999999999999997
0.29100000000000004
0.289
0.27099999999999996
0.28200000000000003
0.28200000000000003
0.28800000000000003
0.378
0.28200000000000003
0.29300000000000004
0.313
0.272
0.40099999999999997
0.28200000000000003
0.7010000000000001
0.6489999999999999
0.297
0.27099999999999996
0.423
0.398
0.281
0.283
0.65
0.705
0.648
0.31
0.46599999999999997
0.62
0.281
0.386
0.6
0.27099999999999996
0.27399999999999997
0.281
0.292
0.289
0.29300000000000004
0.273
0.648
0.705
0.29
0.294
0.273
0.33599999999999997
0.602
0.29100000000000004
0.272
0.444
0.283
0.294
0.272
0.28800000000000003
0.27099999999999996
0.281
0.272
0.27099999999999996
0.272
0.28400000000000003
0.281
0.273
0.273
0.281
0.294
0.27399999999999997
0.28200000000000003
0.27399999999999997
0.272
0.283
0.281
0.28200000000000003
0.444
0.273
0.272
0.705
0.28200000000000003
0.40099999999999997
0.283
0.27399999999999997
0.423
0.648
0.28200000000000003
0.273
0.27999999999999997
0.27099999999999996
0.27999999999999997
0.273
0.279
0.27399999999999997
0.281
0.28200000000000003
0.272
0.273
0.28800000000000003
0.292
0.28200000000000003
0.272
0.281
0.311
0.281
0.28200000000000003
0.496
0.494
0.319
0.272
0.27999999999999997
0.283
0.7
0.27999999999999997
0.281
0.303
0.705
0.28200000000000003
0.27099999999999996
0.34099999999999997
0.703
0.27999999999999997
0.29100000000000004
0.292
0.272
0.281
0.27099999999999996
0.27099999999999996
0.28200000000000003
0.29300000000000004
0.277
0.27399999999999997
0.296
0.272
0.283
0.27099999999999996
0.37
0.29
0.281
0.272
0.331
0.29
0.30200000000000005
0.283
0.273
0.28200000000000003
0.273
0.287
0.28200000000000003
0.29300000000000004
0.27999999999999997
0.28200000000000003
0.287
0.27999999999999997
0.292
0.381
0.281
0.272
0.28800000000000003
0.272
0.28200000000000003
0.6970000000000001
0.28400000000000003
0.273
0.272
0.303
0.703
0.272
0.27099999999999996
0.27099999999999996
0.281
0.27099999999999996
0.33599999999999997
0.272
0.383
0.28200000000000003
0.29100000000000004
0.28200000000000003
0.393
0.5379999999999999
0.703
0.27099999999999996
0.27099999999999996
0.5900000000000001
0.29300000000000004
0.273
0.5609999999999999
0.28400000000000003
0.355
0.281
0.7649999999999999
0.7200000000000001
0.29100000000000004
0.384
0.272
0.27099999999999996
0.292
0.34099999999999997
0.29100000000000004
0.313
0.546
0.652
0.28200000000000003
0.273
0.28200000000000003
0.297
0.299
0.27099999999999996
0.33599999999999997
0.273
0.29300000000000004
0.29100000000000004
0.337
0.299
0.339
0.272
0.281
0.289
0.705
0.29300000000000004
0.272
0.272
0.29100000000000004
0.283
0.384
0.46599999999999997
0.709
0.7060000000000001
0.29
0.273
0.272
0.562
0.28200000000000003
0.27099999999999996
0.28800000000000003
0.35100000000000003
0.40299999999999997
0.272
0.281
0.339
0.272
0.455
0.7
0.272
0.281
0.289
0.27999999999999997
0.29100000000000004
0.314
0.5289999999999999
0.708
0.28200000000000003
0.28200000000000003
0.272
0.456
0.297
0.292
0.272
0.28400000000000003
0.28200000000000003
0.28200000000000003
0.287
0.273
0.324
0.283
0.27999999999999997
0.294
0.35100000000000003
0.287
0.292
0.28200000000000003
0.272
0.421
0.272
0.29
0.27099999999999996
0.28200000000000003
0.3
0.281
0.279
0.283
0.27999999999999997
0.27399999999999997
0.272
0.27099999999999996
0.297
0.273
0.272
0.28200000000000003
0.27399999999999997
0.281
0.27599999999999997
0.7240000000000001
0.279
0.325
0.7020000000000001
0.28200000000000003
0.65
0.602
0.27399999999999997
0.289
0.29
0.322
0.40299999999999997
0.651
0.712
0.494
0.352
0.29300000000000004
0.281
0.281
0.303
0.283
0.287
0.33599999999999997
0.367
0.651
0.27399999999999997
0.27099999999999996
0.27099999999999996
0.272
0.28200000000000003
0.653
0.315
0.292
0.29
0.273
0.29300000000000004
0.5339999999999999
0.6679999999999999
0.626
0.283
0.294
0.272
0.325
0.287
0.27099999999999996
0.292
0.27399999999999997
0.27999999999999997
0.273
0.281
0.28600000000000003
0.303
0.273
0.28200000000000003
0.28800000000000003
0.647
0.7110000000000001
0.292
0.29300000000000004
0.602
0.281
0.7060000000000001
0.28400000000000003
0.651
0.28200000000000003
0.549
0.648
0.661
0.281
0.625
0.294
0.287
0.27099999999999996
0.294
0.28200000000000003
0.292
0.28200000000000003
0.285
0.651
0.6539999999999999
0.708
0.28200000000000003
0.6449999999999999
0.46799999999999997
0.272
0.272
0.272
0.28600000000000003
0.603
0.28800000000000003
0.281
0.337
0.272
0.294
0.272
0.273
0.623
0.719
0.665
0.281
0.292
0.7010000000000001
0.709
0.397
0.648
0.7010000000000001
0.6489999999999999
0.47600000000000003
0.281
0.578
0.273
0.272
0.687
0.34900000000000003
0.301
0.272
0.40700000000000003
0.704
0.731
0.287
0.47
0.28800000000000003
0.27099999999999996
0.687
0.7
0.29
0.7010000000000001
0.653
0.528
0.272
0.283
0.44499999999999995
0.769
0.703
0.29300000000000004
